,player,team,atm_away,atm_home,score_away,score_home,atm_total,score_total
7,A. Johnson,ATL,30,34,24,28,64,52
10,A. Johnson,TOR,63,57,44,38,120,82
15,Abdur-Rahim,SAC,114,124,84,90,238,174
22,Afflalo,DEN,236,284,189,227,520,416
23,Afflalo,DET,75,88,62,67,163,129
33,Aldridge,POR,899,940,678,748,1839,1426
35,Alexander,MIL,36,47,24,34,83,58
36,Allen,BOS,246,237,211,205,483,416
40,Allen,MEM,212,186,158,146,398,304
45,Allen,SEA,151,156,137,140,307,277
49,Alston,HOU,204,233,155,169,437,324
51,Alston,NJN,32,22,24,20,54,44
52,Alston,ORL,88,55,63,40,143,103
53,Aminu,LAC,70,49,55,37,119,92
54,Aminu,NOH,68,46,48,38,114,86
55,Amundson,GSW,54,33,21,13,87,34
56,Amundson,IND,44,38,22,13,82,35
58,Amundson,PHX,142,122,72,57,264,129
59,Andersen,DEN,290,409,198,277,699,475
60,Andersen,HOU,31,36,21,25,67,46
63,Anderson,CHA,73,73,60,64,146,124
64,Anderson,NJN,68,48,55,43,116,98
65,Anderson,ORL,150,227,130,193,377,323
66,Anderson,SAS,26,35,18,28,61,46
68,Anthony,DEN,1420,1487,1147,1206,2907,2353
69,Anthony,MIA,165,203,108,140,368,248
70,Anthony,NYK,253,336,208,280,589,488
73,Arenas,ORL,53,39,41,27,92,68
74,Arenas,WAS,599,517,478,433,1116,911
75,Ariza,HOU,107,121,74,74,228,148
76,Ariza,LAL,114,172,77,114,286,191
77,Ariza,NOH,158,163,117,116,321,233
78,Ariza,ORL,75,115,41,74,190,115
81,Armstrong,IND,30,63,24,49,93,73
83,Armstrong,NOH,103,113,56,71,216,127
84,Armstrong,NOK,36,31,23,17,67,40
88,Arroyo,MIA,50,77,42,64,127,106
89,Arroyo,ORL,129,143,111,112,272,223
90,Artest,HOU,104,168,76,125,272,201
91,Artest,LAL,179,202,119,139,381,258
92,Artest,SAC,342,366,255,264,708,519
93,Arthur,MEM,114,125,77,100,239,177
94,Asik,CHI,121,133,60,61,254,121
97,Atkins,MEM,139,172,113,139,311,252
99,Augustin,CHA,385,402,336,353,787,689
101,Ayon,NOH,44,19,27,12,63,39
102,Azubuike,GSW,203,259,157,198,462,355
104,B. Davis,LAC,252,247,204,192,499,396
105,B. Jackson,NOK,42,34,29,31,76,60
113,Balkman,DEN,44,31,26,21,75,47
114,Balkman,NYK,74,120,44,56,194,100
116,Banks,PHX,26,52,20,42,78,62
119,Barbosa,PHX,355,431,294,367,786,661
120,Barbosa,TOR,95,133,78,107,228,185
121,Barea,DAL,226,225,176,184,451,360
122,Barea,MIN,48,50,35,41,98,76
123,Bargnani,TOR,616,739,509,607,1355,1116
124,Barnes,GSW,115,105,88,74,220,162
125,Barnes,LAL,94,112,75,80,206,155
126,Barnes,ORL,87,79,64,61,166,125
127,Barnes,PHX,66,70,53,48,136,101
129,Barron,MIA,55,50,39,39,105,78
135,Barry,SAS,76,78,67,69,154,136
136,Bass,BOS,74,89,60,72,163,132
137,Bass,DAL,233,228,198,197,461,395
139,Bass,ORL,127,188,101,158,315,259
140,Baston,IND,36,38,26,28,74,54
144,Battie,ORL,91,77,58,52,168,110
146,Battier,HOU,257,248,196,185,505,381
149,Batum,POR,172,262,138,225,434,363
151,Bayless,POR,194,172,158,142,366,300
152,Bayless,TOR,148,129,125,103,277,228
153,Beasley,MIA,263,244,208,190,507,398
154,Beasley,MIN,197,189,144,136,386,280
155,Beaubois,DAL,64,86,53,67,150,120
156,Belinelli,GSW,27,32,20,25,59,45
157,Belinelli,NOH,109,149,83,120,258,203
158,Belinelli,TOR,50,71,43,58,121,101
159,Bell,CHA,44,40,36,38,84,74
161,Bell,MIL,178,221,142,170,399,312
162,Bell,PHX,151,140,117,118,291,235
163,Bell,UTA,57,70,50,62,127,112
165,Bibby,ATL,260,167,205,129,427,334
168,Bibby,SAC,187,191,146,165,378,311
169,Biedrins,GSW,284,371,141,207,655,348
170,Billups,DEN,671,734,613,669,1405,1282
171,Billups,DET,523,569,460,509,1092,969
172,Billups,LAC,48,47,42,43,95,85
173,Billups,NYK,74,60,64,57,134,121
174,Biyombo,CHA,62,81,28,41,143,69
175,Blair,SAS,205,224,129,128,429,257
178,Blake,LAL,24,31,22,24,55,46
180,Blake,POR,81,97,71,70,178,141
182,Blatche,WAS,449,493,320,361,942,681
183,Bledsoe,LAC,114,63,83,44,177,127
184,Blount,MIA,69,82,40,56,151,96
185,Blount,MIN,84,111,59,88,195,147
189,Bogans,ORL,103,105,81,76,208,157
191,Bogut,MIL,477,605,249,361,1082,610
192,Bonner,SAS,110,121,85,92,231,177
193,Booker,WAS,107,88,75,49,195,124
194,Boone,NJN,244,243,109,109,487,218
198,Boozer,CHI,215,220,151,159,435,310
199,Boozer,UTA,790,715,567,513,1505,1080
200,Bosh,MIA,403,487,325,402,890,727
201,Bosh,TOR,1212,1219,990,982,2431,1972
204,Bowen,SAS,87,100,48,67,187,115
205,Boykins,CHA,39,20,32,17,59,49
206,Boykins,DEN,43,88,39,80,131,119
208,Boykins,MIL,92,104,80,90,196,170
209,Boykins,WAS,36,53,31,46,89,77
212,Bradley,BOS,46,44,33,35,90,68
213,Brand,LAC,232,276,183,205,508,388
214,Brand,PHI,378,355,280,264,733,544
215,Brewer,CHI,123,125,68,88,248,156
217,Brewer,DEN,70,60,46,44,130,90
219,Brewer,MIN,276,279,207,182,555,389
220,Brewer,UTA,405,464,283,330,869,613
221,Brezec,CHA,42,31,29,17,73,46
226,Brockman,MIL,29,45,15,32,74,47
227,Brockman,SAC,26,36,11,26,62,37
228,Brooks,HOU,317,334,277,277,651,554
229,Brooks,NJN,57,91,40,73,148,113
230,Brooks,PHX,30,27,26,20,57,46
232,Brown,CHA,105,108,69,73,213,142
233,Brown,CHI,88,64,66,50,152,116
235,Brown,DET,111,113,49,50,224,99
238,Brown,LAL,233,263,169,164,496,333
241,Brown,NOH,48,53,33,46,101,79
242,Brown,NOK,80,75,64,59,155,123
244,Brown,PHX,43,56,33,48,99,81
249,Bryant,LAL,2104,2161,1762,1832,4265,3594
253,Budinger,HOU,141,152,116,122,293,238
255,Burks,UTA,79,56,56,44,135,100
256,Butler,CHI,24,32,20,23,56,43
257,Butler,DAL,78,141,60,112,219,172
258,Butler,LAC,94,185,77,150,279,227
259,Butler,NOH,60,90,50,71,150,121
260,Butler,NOK,45,40,25,29,85,54
263,Butler,WAS,571,660,500,573,1231,1073
264,Bynum,DET,230,263,183,215,493,398
265,Bynum,LAL,679,786,457,561,1465,1018
272,C. Smith,POR,35,16,27,9,51,36
274,Calderon,TOR,339,364,299,319,703,618
275,Camby,DEN,232,203,175,135,435,310
277,Camby,LAC,129,144,87,105,273,192
278,Camby,POR,81,66,49,33,147,82
282,Cardinal,MIN,35,18,29,18,53,47
284,Carney,MIN,21,45,17,33,66,50
285,Carney,PHI,127,104,85,75,231,160
286,Carroll,CHA,231,222,193,189,453,382
288,Carroll,MEM,19,36,13,22,55,35
290,Carter,DAL,48,67,42,53,115,95
291,Carter,DEN,80,103,59,77,183,136
292,Carter,NJN,700,802,576,631,1502,1207
294,Carter,ORL,225,225,184,186,450,370
295,Carter,PHX,33,65,23,49,98,72
298,Cassell,LAC,140,161,120,146,301,266
299,Casspi,CLE,49,59,37,37,108,74
300,Casspi,SAC,123,152,92,93,275,185
303,Chalmers,MIA,240,278,186,217,518,403
304,Chandler,CHA,85,73,57,58,158,115
305,Chandler,DAL,173,200,121,148,373,269
306,Chandler,DEN,37,22,30,18,59,48
307,Chandler,NOH,223,227,132,133,450,265
308,Chandler,NOK,78,123,36,70,201,106
309,Chandler,NYK,366,492,279,365,858,644
310,Childress,ATL,236,261,187,208,497,395
311,Childress,PHX,34,27,19,10,61,29
313,Clark,ORL,21,45,12,31,66,43
315,Claxton,ATL,34,26,20,13,60,33
316,Cole,MIA,43,42,34,32,85,66
317,Collins,ATL,30,36,16,21,66,37
319,Collins,LAC,34,34,23,21,68,44
322,Collins,NJN,99,74,43,33,173,76
323,Collins,NYK,73,56,45,30,129,75
325,Collins,UTA,105,87,68,54,192,122
326,Collison,IND,215,181,187,149,396,336
327,Collison,NOH,78,96,66,82,174,148
328,Collison,OKC,198,209,146,145,407,291
329,Collison,SEA,156,210,116,161,366,277
330,Conley,MEM,438,527,332,419,965,751
335,Cook,LAL,36,18,27,14,54,41
336,Cook,MIA,65,75,60,59,140,119
340,Cousins,SAC,373,381,258,266,754,524
341,Crawford,ATL,219,205,193,168,424,361
342,Crawford,GSW,141,151,125,134,292,259
343,Crawford,NYK,340,361,286,308,701,594
344,Crawford,POR,103,79,94,73,182,167
345,Crawford,WAS,148,127,123,102,275,225
347,Crittenton,MEM,34,53,24,34,87,58
348,Crittenton,WAS,44,37,27,21,81,48
349,Croshere,DAL,32,24,26,23,56,49
354,Cunningham,MEM,33,36,21,24,69,45
355,Cunningham,POR,43,54,29,37,97,66
356,Curry,GSW,215,259,194,233,474,427
358,Curry,NYK,431,545,266,336,976,602
361,D. Brown,CLE,73,70,57,50,143,107
362,D. Brown,NOH,43,43,37,32,86,69
367,D. Jones,IND,167,182,128,139,349,267
373,D. Williams,NJN,67,53,55,47,120,102
375,D. Wright,GSW,189,131,149,106,320,255
378,Dalembert,HOU,38,71,32,55,109,87
379,Dalembert,PHI,338,429,243,317,767,560
380,Dalembert,SAC,85,63,64,44,148,108
381,Dampier,DAL,303,319,194,182,622,376
383,Daniels,BOS,69,73,44,52,142,96
384,Daniels,IND,167,177,119,124,344,243
385,Daniels,NOH,29,49,26,38,78,64
387,Daniels,WAS,223,315,178,257,538,435
390,Davis,BOS,403,501,285,357,904,642
393,Davis,GSW,404,459,315,332,863,647
394,Davis,LAC,80,44,58,34,124,92
396,Davis,MIA,99,98,77,78,197,155
397,Davis,MIN,143,133,124,107,276,231
399,Davis,ORL,97,70,66,48,167,114
400,Davis,TOR,137,97,81,61,234,142
403,Daye,DET,99,108,74,89,207,163
404,DeRozan,TOR,463,464,368,375,927,743
405,Delfino,DET,57,36,46,27,93,73
406,Delfino,MIL,109,137,88,106,246,194
407,Delfino,TOR,83,83,58,67,166,125
408,Deng,CHI,867,921,656,725,1788,1381
410,Diaw,CHA,201,217,135,161,418,296
411,Diaw,PHX,118,178,83,126,296,209
413,Diawara,DEN,35,49,22,35,84,57
416,Dickau,LAC,41,41,32,36,82,68
417,Dickau,POR,26,27,19,23,53,42
418,Diener,IND,37,51,33,43,88,76
422,Diogu,IND,76,67,63,54,143,117
423,Diogu,LAC,28,34,18,23,62,41
427,Diop,CHA,27,36,11,6,63,17
428,Diop,DAL,57,105,31,56,162,87
431,Dixon,POR,42,30,36,24,72,60
432,Dixon,TOR,37,26,34,25,63,59
437,Dooling,MIL,55,39,43,35,94,78
438,Dooling,NJN,111,104,90,84,215,174
439,Dooling,ORL,179,176,154,140,355,294
442,Dorsey,TOR,33,32,16,15,65,31
443,Douby,SAC,36,46,34,39,82,73
445,Douglas,NYK,94,113,78,90,207,168
446,Douglas-Roberts,MIL,54,35,47,27,89,74
447,Douglas-Roberts,NJN,121,98,104,80,219,184
449,Dragic,HOU,121,102,93,82,223,175
450,Dragic,PHX,176,176,122,127,352,249
451,Dudley,CHA,83,59,58,44,142,102
452,Dudley,PHX,299,324,225,228,623,453
453,Duhon,CHI,110,81,84,65,191,149
454,Duhon,NYK,122,173,100,139,295,239
456,Duncan,SAS,1367,1396,949,935,2763,1884
457,Dunleavy,GSW,42,59,36,42,101,78
458,Dunleavy,IND,440,489,354,408,929,762
459,Dunleavy,MIL,65,78,56,60,143,116
462,Durant,OKC,1358,1406,1189,1234,2764,2423
463,Durant,SEA,211,237,180,211,448,391
464,Dw. Jones,CLE,30,36,15,17,66,32
470,Ebanks,LAL,15,43,12,29,58,41
471,Ellington,MIN,109,54,85,50,163,135
472,Ellis,GSW,815,1081,627,845,1896,1472
473,Ellis,MIL,42,47,30,38,89,68
476,Elson,SAS,59,65,47,49,124,96
481,Ely,NOH,41,63,27,35,104,62
484,Erden,BOS,34,20,22,12,54,34
486,Evans,ATL,94,74,75,59,168,134
487,Evans,DEN,82,100,44,47,182,91
488,Evans,LAC,29,42,18,18,71,36
489,Evans,LAL,92,77,75,58,169,133
490,Evans,ORL,46,30,28,24,76,52
491,Evans,PHI,244,216,121,121,460,242
492,Evans,SAC,442,542,343,408,984,751
493,Evans,TOR,68,80,38,37,148,75
494,Evans,UTA,25,28,17,17,53,34
500,Faried,DEN,65,91,37,66,156,103
501,Farmar,LAL,138,190,96,127,328,223
502,Farmar,NJN,79,84,68,71,163,139
505,Favors,NJN,48,68,28,43,116,71
506,Favors,UTA,130,114,78,76,244,154
508,Felton,CHA,447,586,352,469,1033,821
509,Felton,DEN,40,44,30,25,84,55
510,Felton,NYK,101,80,89,68,181,157
511,Felton,POR,65,49,57,35,114,92
513,Fernandez,POR,207,201,177,170,408,347
515,Fesenko,UTA,84,63,29,27,147,56
516,Fields,NYK,161,129,108,83,290,191
518,Finley,SAS,154,147,138,120,301,258
519,Fisher,LAL,364,420,313,352,784,665
521,Fisher,UTA,183,169,160,144,352,304
523,Flynn,MIN,159,153,126,129,312,255
525,Forbes,DEN,34,53,26,33,87,59
526,Forbes,TOR,50,41,33,33,91,66
527,Ford,IND,210,254,173,211,464,384
529,Ford,TOR,240,215,201,181,455,382
533,Foster,IND,244,243,150,151,487,301
534,Foye,LAC,117,117,107,99,234,206
535,Foye,MIN,253,274,218,228,527,446
536,Foye,WAS,78,67,70,59,145,129
541,Francis,NYK,116,95,90,85,211,175
544,Frye,NYK,38,70,26,59,108,85
545,Frye,PHX,131,192,105,167,323,272
546,Frye,POR,68,80,46,67,148,113
550,Gadzuric,MIL,123,127,64,59,250,123
554,Gaines,NJN,54,62,27,43,116,70
557,Gallinari,DEN,180,151,154,121,331,275
558,Gallinari,NYK,251,373,223,313,624,536
559,Garbajosa,TOR,15,57,9,43,72,52
561,Garcia,SAC,312,311,263,244,623,507
564,Garnett,BOS,602,674,478,579,1276,1057
565,Garnett,MIN,229,269,199,217,498,416
567,Gasol,LAL,1045,1023,794,825,2068,1619
568,Gasol,MEM,1019,1029,753,755,2048,1508
569,Gay,MEM,939,834,719,648,1773,1367
570,Gee,CLE,168,124,134,97,292,231
572,Gelabale,SEA,53,47,42,38,100,80
573,George,DAL,71,48,54,34,119,88
575,George,IND,127,164,99,131,291,230
576,Gibson,CHI,226,256,144,166,482,310
577,Gibson,CLE,254,303,206,238,557,444
581,Ginobili,SAS,1079,1083,928,941,2162,1869
584,Giricek,UTA,42,60,32,52,102,84
587,Gomes,BOS,138,95,108,81,233,189
588,Gomes,LAC,38,58,29,40,96,69
589,Gomes,MIN,239,297,199,241,536,440
590,Gooden,CHI,73,88,62,74,161,136
591,Gooden,CLE,213,176,153,129,389,282
592,Gooden,DAL,72,43,55,38,115,93
593,Gooden,LAC,50,51,48,45,101,93
594,Gooden,MIL,172,136,142,115,308,257
596,Gooden,SAS,43,21,34,18,64,52
597,Gordon,CHI,595,638,524,558,1233,1082
598,Gordon,DET,265,261,227,224,526,451
599,Gordon,LAC,467,522,361,440,989,801
600,Gordon,NOH,22,42,17,32,64,49
601,Gortat,ORL,78,90,49,60,168,109
602,Gortat,PHX,198,217,137,145,415,282
604,Graham,CHA,29,36,17,25,65,42
606,Graham,DEN,42,36,35,22,78,57
607,Graham,IND,51,27,42,20,78,62
610,Graham,TOR,194,146,161,122,340,283
611,Granger,IND,1100,1232,926,1062,2332,1988
612,Gray,CHI,99,66,50,42,165,92
613,Gray,NOH,35,28,21,17,63,38
615,Green,ATL,23,33,19,29,56,48
616,Green,BOS,112,118,88,95,230,183
621,Green,NJN,23,40,17,30,63,47
622,Green,NOH,51,56,37,45,107,82
623,Green,OKC,397,334,322,250,731,572
624,Green,PHI,231,237,180,166,468,346
626,Green,SAS,46,54,32,47,100,79
627,Green,SEA,117,121,83,94,238,177
630,Greene,SAC,140,153,88,117,293,205
633,Griffin,LAC,511,650,302,388,1161,690
637,Haddadi,MEM,53,51,37,33,104,70
642,Hamilton,DET,682,816,574,706,1498,1280
643,Hansbrough,IND,328,334,267,256,662,523
647,Harden,OKC,527,510,437,429,1037,866
649,Harpring,UTA,300,361,216,279,661,495
652,Harrington,DEN,140,155,99,108,295,207
653,Harrington,GSW,191,180,132,135,371,267
654,Harrington,IND,56,39,42,26,95,68
656,Harrington,NYK,295,291,232,225,586,457
657,Harris,CLE,93,59,71,41,152,112
658,Harris,DAL,212,264,176,214,476,390
661,Harris,MIL,33,21,25,19,54,44
662,Harris,NJN,647,746,533,608,1393,1141
663,Harris,UTA,127,173,100,130,300,230
665,Harrison,IND,46,72,17,43,118,60
667,Hart,LAC,36,19,33,14,55,47
670,Haslem,MIA,413,451,318,337,864,655
672,Hassell,MIN,42,50,35,37,92,72
673,Hassell,NJN,48,54,34,44,102,78
674,Hawes,PHI,67,80,41,48,147,89
675,Hawes,SAC,145,155,101,100,300,201
676,Hayes,DET,30,30,21,24,60,45
677,Hayes,HOU,144,195,83,120,339,203
678,Hayes,NJN,39,31,24,26,70,50
680,Hayes,WAS,53,36,45,30,89,75
683,Hayward,UTA,164,158,132,125,322,257
684,Haywood,DAL,183,240,76,115,423,191
685,Haywood,WAS,346,366,221,245,712,466
686,Head,HOU,93,112,74,89,205,163
687,Head,IND,25,33,18,30,58,48
690,Henderson,CHA,184,230,141,177,414,318
692,Henry,MEM,32,20,18,15,52,33
693,Henry,NOH,53,32,36,16,85,52
694,Herrmann,CHA,38,25,28,22,63,50
696,Hibbert,IND,414,488,291,363,902,654
697,Hickson,CLE,304,308,198,216,612,414
698,Hickson,POR,34,32,21,21,66,42
699,Hickson,SAC,25,33,15,22,58,37
700,Higgins,CHA,14,43,9,32,57,41
701,Hilario,DEN,361,365,253,254,726,507
702,Hill,HOU,77,94,51,65,171,116
703,Hill,IND,61,56,52,39,117,91
706,Hill,ORL,144,213,108,162,357,270
707,Hill,PHX,529,540,437,443,1069,880
708,Hill,SAS,314,411,256,336,725,592
709,Hinrich,ATL,29,25,20,20,54,40
710,Hinrich,CHI,335,355,276,279,690,555
711,Hinrich,WAS,42,63,34,58,105,92
715,Holiday,PHI,219,209,178,163,428,341
717,Hollins,CHA,87,74,50,55,161,105
718,Hollins,CLE,107,111,70,74,218,144
720,Hollins,MIN,86,72,66,43,158,109
722,Horford,ATL,455,547,343,420,1002,763
724,Horry,SAS,51,64,35,39,115,74
725,House,BOS,88,59,76,51,147,127
730,Howard,DAL,313,374,248,300,687,548
731,Howard,HOU,58,135,45,111,193,156
732,Howard,MIA,36,22,31,15,58,46
733,Howard,ORL,2615,2676,1517,1556,5291,3073
734,Howard,POR,30,40,24,31,70,55
735,Howard,UTA,43,53,34,41,96,75
736,Howard,WAS,29,38,18,26,67,44
744,Hughes,CHI,73,87,57,70,160,127
745,Hughes,CLE,254,222,185,157,476,342
746,Hughes,NYK,62,80,47,68,142,115
749,Humphries,NJN,307,304,215,220,611,435
750,Humphries,TOR,143,114,93,74,257,167
755,Hunter,GSW,21,48,12,40,69,52
757,Hunter,PHI,86,65,37,37,151,74
758,I. Johnson,ATL,21,37,17,29,58,46
759,Ibaka,OKC,212,229,152,162,441,314
760,Iguodala,PHI,1254,1340,916,981,2594,1897
761,Ilgauskas,CLE,425,433,322,358,858,680
762,Ilgauskas,MIA,30,22,20,20,52,40
763,Ilyasova,MIL,272,271,218,210,543,428
764,Irving,CLE,100,96,81,90,196,171
765,Iverson,DEN,657,665,506,536,1322,1042
766,Iverson,DET,153,163,121,127,316,248
768,Iverson,PHI,144,147,127,123,291,250
770,Ivey,MIL,53,69,35,53,122,88
772,Ivey,PHI,20,34,18,25,54,43
776,J. Johnson,ATL,223,329,181,282,552,463
777,J. Johnson,TOR,43,70,34,45,113,79
779,J. O'Neal,BOS,33,20,25,13,53,38
781,J. Richardson,ORL,80,72,53,49,152,102
786,J. Williams,CLE,29,28,20,21,57,41
790,Jack,IND,122,141,102,122,263,224
791,Jack,NOH,174,158,154,128,332,282
792,Jack,POR,247,280,214,244,527,458
793,Jack,TOR,143,144,122,121,287,243
794,Jackson,CHA,365,354,291,285,719,576
796,Jackson,GSW,450,538,363,446,988,809
798,Jackson,IND,77,53,63,42,130,105
800,Jackson,MIL,38,22,30,20,60,50
802,Jackson,NOK,77,58,62,46,135,108
804,Jackson,SAC,73,77,54,62,150,116
805,Jackson,SAS,25,29,24,21,54,45
809,Jamal Crawford,ATL,150,110,130,92,260,222
811,James,CLE,1919,1742,1414,1298,3661,2712
813,James,MIA,611,710,468,541,1321,1009
814,James,MIN,83,90,66,79,173,145
818,James,WAS,47,37,42,25,84,67
819,Jamison,CLE,292,337,206,222,629,428
820,Jamison,WAS,723,743,539,547,1466,1086
822,Jaric,MIN,136,111,99,86,247,185
824,Jasikevicius,IND,44,20,41,18,64,59
828,Jefferson,BOS,139,148,97,98,287,195
831,Jefferson,MIL,234,284,187,230,518,417
832,Jefferson,MIN,396,516,293,358,912,651
833,Jefferson,NJN,460,600,350,481,1060,831
834,Jefferson,SAS,291,285,212,216,576,428
835,Jefferson,UTA,230,233,179,177,463,356
837,Jeffries,NYK,218,216,133,119,434,252
839,Jennings,MIL,372,404,299,330,776,629
840,Jerebko,DET,143,157,108,117,300,225
842,Jianlian,NJN,86,95,71,74,181,145
843,Jo. Howard,DAL,193,216,158,174,409,332
846,Johnson,ATL,686,716,550,558,1402,1108
848,Johnson,CHI,48,37,35,24,85,59
852,Johnson,DET,47,63,27,47,110,74
854,Johnson,MEM,52,64,32,44,116,76
855,Johnson,MIA,55,28,37,20,83,57
856,Johnson,MIN,61,65,43,45,126,88
859,Johnson,ORL,58,61,45,44,119,89
863,Johnson,TOR,181,154,134,108,335,242
864,Jones,ATL,106,67,69,56,173,125
867,Jones,DAL,42,27,32,22,69,54
868,Jones,DEN,104,110,82,79,214,161
869,Jones,IND,63,45,52,39,108,91
870,Jones,LAC,36,49,28,41,85,69
871,Jones,MEM,78,60,62,47,138,109
872,Jones,MIA,106,154,85,133,260,218
874,Jones,NYK,74,52,53,41,126,94
876,Jones,PHX,25,51,19,47,76,66
877,Jones,POR,58,64,52,54,122,106
878,Jones,SAC,30,21,18,16,51,34
879,Jones,TOR,50,23,42,18,73,60
880,Jordan,LAC,275,313,121,139,588,260
885,Josh Smith,ATL,219,246,130,160,465,290
887,K. Brown,CHA,126,106,79,57,232,136
892,Kaman,LAC,421,507,323,369,928,692
893,Kaman,NOH,47,60,37,47,107,84
894,Kanter,UTA,51,47,33,32,98,65
896,Kapono,MIA,42,36,39,31,78,70
898,Kapono,TOR,59,28,50,22,87,72
903,Kidd,DAL,204,227,163,192,431,355
904,Kidd,NJN,172,194,123,160,366,283
906,Kinsey,MEM,55,49,43,40,104,83
907,Kirilenko,UTA,686,736,527,555,1422,1082
908,Kleiza,DEN,242,344,179,273,586,452
909,Kleiza,TOR,93,72,66,56,165,122
910,Knight,CHA,71,57,54,49,128,103
911,Knight,DET,62,75,42,62,137,104
912,Knight,LAC,35,36,30,32,71,62
913,Knight,UTA,41,23,32,16,64,48
915,Korver,CHI,75,81,67,69,156,136
916,Korver,PHI,114,129,105,117,243,222
917,Korver,UTA,147,158,121,147,305,268
918,Koufos,DEN,25,47,19,26,72,45
920,Koufos,UTA,32,34,21,24,66,45
921,Krstic,BOS,38,45,29,33,83,62
922,Krstic,NJN,69,121,54,84,190,138
923,Krstic,OKC,125,140,95,110,265,205
930,Landry,HOU,314,315,257,236,629,493
931,Landry,NOH,134,159,106,132,293,238
933,Landry,SAC,188,174,136,128,362,264
936,Law,ATL,79,40,65,32,119,97
939,Law,GSW,28,41,24,29,69,53
941,Lawson,DEN,320,301,249,240,621,489
942,Lee,GSW,247,294,194,230,541,424
943,Lee,HOU,92,114,72,94,206,166
945,Lee,NJN,86,67,78,55,153,133
946,Lee,NYK,552,508,433,413,1060,846
947,Lee,ORL,57,63,50,51,120,101
948,Leonard,SAS,34,54,27,41,88,68
951,Lewis,ORL,464,470,377,388,934,765
952,Lewis,SEA,166,147,140,123,313,263
953,Lewis,WAS,43,45,36,38,88,74
956,Lin,NYK,90,93,72,74,183,146
957,Livingston,CHA,60,65,57,51,125,108
958,Livingston,LAC,48,68,32,50,116,82
960,Livingston,MIL,56,23,45,17,79,62
963,Lopez,NJN,587,655,472,518,1242,990
964,Lopez,PHX,181,256,122,192,437,314
965,Love,MIN,769,802,634,659,1571,1293
966,Lowry,HOU,422,381,332,319,803,651
967,Lowry,MEM,263,274,199,198,537,397
970,Lue,ATL,71,120,61,107,191,168
977,M. Jackson,NOK,27,33,25,27,60,52
980,M. Williams,ATL,322,351,270,276,673,546
981,M. Williams,CLE,318,279,280,244,597,524
983,M. Williams,NJN,29,24,22,21,53,43
984,Mack,WAS,36,23,27,15,59,42
987,Maggette,CHA,82,126,65,113,208,178
988,Maggette,GSW,478,472,392,397,950,789
989,Maggette,LAC,644,668,530,541,1312,1071
990,Maggette,MIL,188,137,156,115,325,271
992,Magloire,MIA,71,66,31,28,137,59
994,Magloire,POR,130,112,66,64,242,130
996,Mahinmi,DAL,100,126,67,86,226,153
997,Mahinmi,SAS,31,29,24,19,60,43
1000,Marbury,NYK,203,299,159,221,502,380
1001,Marion,DAL,213,230,161,185,443,346
1002,Marion,MIA,67,60,51,45,127,96
1003,Marion,PHX,210,175,157,140,385,297
1004,Marion,TOR,26,36,19,31,62,50
1006,Marks,NOH,26,28,17,19,54,36
1009,Marshall,CLE,43,54,30,34,97,64
1014,Martin,DEN,298,442,178,253,740,431
1016,Martin,HOU,502,531,463,462,1033,925
1017,Martin,LAC,28,26,13,7,54,20
1018,Martin,SAC,912,916,792,773,1828,1565
1020,Martin,WAS,31,37,25,22,68,47
1021,Mason,MIL,75,98,49,65,173,114
1022,Mason,NOK,164,158,116,97,322,213
1023,Mason,OKC,33,52,20,26,85,46
1025,Mason,SAS,78,75,72,61,153,133
1026,Mason,WAS,64,37,52,35,101,87
1029,Matthews,POR,217,282,181,243,499,424
1030,Matthews,UTA,99,142,82,117,241,199
1031,Maxiell,DET,488,498,280,276,986,556
1032,May,CHA,58,74,43,57,132,100
1034,Maynor,OKC,61,71,43,55,132,98
1036,Mayo,MEM,455,420,364,350,875,714
1037,Mbah a Moute,MIL,312,323,218,226,635,444
1042,McCants,MIN,140,154,106,110,294,216
1043,McCants,SAC,20,40,15,32,60,47
1045,McDyess,DET,202,237,142,158,439,300
1046,McDyess,SAS,84,58,60,34,142,94
1049,McGee,WAS,310,309,182,189,619,371
1050,McGrady,ATL,38,45,25,31,83,56
1051,McGrady,DET,66,63,42,48,129,90
1052,McGrady,HOU,655,444,477,299,1099,776
1053,McGrady,NYK,30,27,22,21,57,43
1055,McGuire,GSW,31,21,22,16,52,38
1057,McGuire,WAS,75,62,47,39,137,86
1058,McInnis,CHA,44,18,33,12,62,45
1059,McLeod,GSW,31,22,25,22,53,47
1061,McRoberts,IND,81,100,57,69,181,126
1065,Meeks,PHI,147,132,127,120,279,247
1069,Mensah-Bonsu,TOR,30,29,16,22,59,38
1072,Miles,UTA,305,319,248,247,624,495
1073,Milicic,MEM,104,122,54,72,226,126
1074,Milicic,MIN,67,113,32,63,180,95
1075,Milicic,ORL,122,125,72,78,247,150
1076,Miller,CHI,182,185,149,158,367,307
1077,Miller,DEN,134,115,107,87,249,194
1078,Miller,HOU,60,34,49,29,94,78
1079,Miller,MEM,154,249,122,195,403,317
1081,Miller,MIN,53,108,37,82,161,119
1082,Miller,PHI,499,490,395,397,989,792
1083,Miller,POR,380,364,321,296,744,617
1084,Miller,SAC,247,365,202,299,612,501
1085,Miller,WAS,45,40,38,32,85,70
1086,Mills,POR,27,26,22,18,53,40
1088,Millsap,UTA,845,884,594,638,1729,1232
1090,Mobley,LAC,211,245,172,204,456,376
1091,Mohammed,CHA,212,177,125,114,389,239
1092,Mohammed,DET,49,66,27,39,115,66
1093,Mohammed,OKC,21,36,11,21,57,32
1094,Monroe,DET,268,237,183,163,505,346
1096,Moon,CLE,22,37,15,33,59,48
1099,Moon,TOR,72,79,52,67,151,119
1102,Moore,NJN,130,134,85,98,264,183
1103,Moore,SAC,111,113,86,82,224,168
1108,Morris,PHX,56,44,39,33,100,72
1109,Morrison,CHA,90,100,64,72,190,136
1111,Morrow,GSW,105,93,89,85,198,174
1112,Morrow,NJN,114,97,104,89,211,193
1113,Mourning,MIA,175,220,106,127,395,233
1114,Mozgov,DEN,29,36,21,24,65,45
1116,Mullens,CHA,61,50,52,39,111,91
1119,Murphy,GSW,21,45,19,28,66,47
1120,Murphy,IND,367,330,293,266,697,559
1123,Murray,ATL,131,139,102,107,270,209
1124,Murray,CHA,69,60,51,41,129,92
1125,Murray,CHI,28,43,21,35,71,56
1126,Murray,DET,102,66,68,49,168,117
1127,Murray,IND,33,28,26,20,61,46
1128,Mutombo,HOU,88,69,56,52,157,108
1131,Nachbar,NJN,191,191,149,158,382,307
1134,Najera,DEN,78,136,57,95,214,152
1136,Nash,PHX,709,734,639,677,1443,1316
1137,Navarro,MEM,84,62,74,50,146,124
1138,Neal,SAS,94,81,81,60,175,141
1140,Nelson,ORL,454,507,371,422,961,793
1141,Nene,DEN,507,589,353,404,1096,757
1144,Nesterovic,TOR,49,60,31,45,109,76
1147,Noah,CHI,522,562,387,400,1084,787
1148,Nocioni,CHI,258,270,199,231,528,430
1149,Nocioni,PHI,27,45,22,33,72,55
1150,Nocioni,SAC,68,89,49,67,157,116
1156,Nowitzki,DAL,1672,1760,1486,1594,3432,3080
1161,O'Neal,CLE,131,141,72,71,272,143
1162,O'Neal,IND,278,329,204,258,607,462
1163,O'Neal,MIA,402,439,230,239,841,469
1164,O'Neal,PHX,349,394,199,224,743,423
1165,O'Neal,TOR,83,59,67,48,142,115
1168,Oberto,SAS,89,93,56,57,182,113
1170,Oden,POR,121,173,77,118,294,195
1171,Odom,DAL,38,55,22,35,93,57
1172,Odom,LAL,787,829,522,563,1616,1085
1173,Okafor,CHA,450,588,263,344,1038,607
1174,Okafor,NOH,271,346,155,186,617,341
1176,Okur,UTA,653,648,526,511,1301,1037
1177,Ollie,MIN,52,44,46,34,96,80
1179,Ollie,PHI,34,28,27,24,62,51
1183,Outlaw,NJN,92,79,65,67,171,132
1185,Outlaw,POR,309,439,226,337,748,563
1192,Pachulia,ATL,676,667,481,506,1343,987
1198,Pargo,NOH,53,52,44,44,105,88
1199,Pargo,NOK,57,63,49,53,120,102
1200,Parker,CLE,123,136,92,101,259,193
1202,Parker,LAL,77,96,51,61,173,112
1204,Parker,SAS,935,1234,719,926,2169,1645
1205,Parker,TOR,229,251,192,204,480,396
1206,Parsons,HOU,39,37,21,20,76,41
1207,Patterson,HOU,53,46,35,35,99,70
1209,Patterson,MIL,173,201,109,131,374,240
1210,Paul,LAC,163,139,142,118,302,260
1211,Paul,NOH,788,846,680,721,1634,1401
1212,Paul,NOK,202,153,166,124,355,290
1214,Pavlovic,CLE,127,176,84,118,303,202
1217,Payton,MIA,24,33,15,23,57,38
1219,Pecherov,WAS,42,20,29,17,62,46
1220,Pekovic,MIN,147,154,107,119,301,226
1223,Perkins,BOS,444,446,272,270,890,542
1224,Perkins,OKC,94,83,65,44,177,109
1226,Peterson,NOH,84,84,59,58,168,117
1227,Peterson,TOR,59,70,39,50,129,89
1229,Petro,NJN,36,29,24,22,65,46
1231,Petro,SEA,74,90,57,57,164,114
1233,Pierce,BOS,1619,1473,1359,1228,3092,2587
1235,Pietrus,GSW,164,180,113,114,344,227
1236,Pietrus,ORL,147,173,100,117,320,217
1237,Pietrus,PHX,24,27,18,18,51,36
1242,Pondexter,MEM,15,38,11,22,53,33
1244,Posey,BOS,90,65,72,56,155,128
1246,Posey,MIA,41,60,35,49,101,84
1247,Posey,NOH,120,128,101,104,248,205
1248,Powe,BOS,293,372,208,260,665,468
1249,Powe,CLE,45,48,23,29,93,52
1254,Powell,LAC,40,47,31,32,87,63
1255,Powell,LAL,35,54,27,39,89,66
1258,Price,IND,94,107,70,81,201,151
1260,Price,SAC,32,23,24,13,55,37
1261,Price,UTA,72,132,53,93,204,146
1262,Prince,DET,581,594,435,454,1175,889
1265,Przybilla,POR,182,230,122,142,412,264
1267,Quinn,MIA,114,81,89,70,195,159
1270,R. Allen,BOS,508,451,459,420,959,879
1273,R. Davis,LAC,34,34,27,23,68,50
1280,Radmanovic,GSW,27,28,23,23,55,46
1281,Radmanovic,LAL,100,71,81,52,171,133
1282,Randolph,GSW,143,130,104,104,273,208
1283,Randolph,LAC,111,66,75,49,177,124
1284,Randolph,MEM,494,561,368,439,1055,807
1285,Randolph,MIN,86,72,61,55,158,116
1286,Randolph,NYK,170,189,138,138,359,276
1288,Randolph,POR,264,223,219,178,487,397
1297,Ray,BOS,38,17,30,12,55,42
1298,Redd,MIL,567,570,457,472,1137,929
1299,Redd,PHX,69,41,53,34,110,87
1300,Redick,ORL,328,425,285,373,753,658
1305,Richardson,CHA,207,180,162,128,387,290
1306,Richardson,GSW,91,76,59,52,167,111
1307,Richardson,MIA,36,40,28,28,76,56
1308,Richardson,NYK,144,171,105,118,315,223
1309,Richardson,ORL,33,20,23,17,53,40
1310,Richardson,PHX,222,236,164,183,458,347
1312,Ridnour,MIL,150,152,136,131,302,267
1313,Ridnour,MIN,112,143,100,127,255,227
1314,Ridnour,SEA,118,128,100,102,246,202
1317,Roberts,MEM,83,48,61,34,131,95
1318,Robinson,BOS,26,42,21,32,68,53
1320,Robinson,GSW,54,57,42,51,111,93
1322,Robinson,NYK,310,362,243,298,672,541
1325,Rodriguez,POR,71,66,53,50,137,103
1326,Rodriguez,SAC,24,38,16,27,62,43
1327,Rondo,BOS,722,768,439,491,1490,930
1328,Rose,CHI,766,795,632,641,1561,1273
1329,Rose,NYK,65,47,50,36,112,86
1333,Ross,LAC,68,79,48,60,147,108
1337,Roy,POR,863,894,695,714,1757,1409
1338,Rubio,MIN,74,83,66,60,157,126
1339,Ruffin,MIL,22,41,7,18,63,25
1342,Rush,GSW,33,48,24,40,81,64
1343,Rush,IND,145,160,97,116,305,213
1349,S. Jones,IND,62,69,45,47,131,92
1350,S. O'Neal,BOS,44,89,26,47,133,73
1352,S. Williams,ATL,67,96,49,75,163,124
1353,S. Williams,NJN,79,71,45,46,150,91
1354,S. Williams,SAC,27,27,18,18,54,36
1356,Salmons,CHI,136,160,111,131,296,242
1357,Salmons,MIL,213,205,182,171,418,353
1358,Salmons,SAC,347,394,271,322,741,593
1363,Samuels,CLE,124,103,80,70,227,150
1364,Sanders,MIL,48,40,27,19,88,46
1365,Scalabrine,BOS,43,26,34,22,69,56
1368,Scola,HOU,635,692,477,504,1327,981
1369,Sefolosha,CHI,98,88,67,59,186,126
1370,Sefolosha,OKC,152,129,120,98,281,218
1375,Seraphin,WAS,48,50,33,35,98,68
1376,Sessions,CLE,247,323,214,256,570,470
1377,Sessions,LAL,31,44,21,30,75,51
1378,Sessions,MIL,165,230,130,183,395,313
1379,Sessions,MIN,115,118,86,81,233,167
1383,She. Williams,NJN,25,31,21,24,56,45
1385,Shumpert,NYK,51,58,37,50,109,87
1392,Simmons,MIL,29,41,23,30,70,53
1393,Simmons,NJN,40,38,30,31,78,61
1398,Singleton,DAL,48,36,40,31,84,71
1400,Singleton,WAS,61,52,50,39,113,89
1401,Skinner,LAC,21,34,16,20,55,36
1402,Skinner,MIL,31,48,16,30,79,46
1403,Skinner,PHX,33,38,20,17,71,37
1407,Smith,ATL,972,1037,647,707,2009,1354
1408,Smith,CHI,78,57,60,49,135,109
1409,Smith,CLE,66,82,44,59,148,103
1410,Smith,DEN,481,589,346,442,1070,788
1413,Smith,LAC,144,131,92,90,275,182
1416,Smith,MIN,326,305,221,196,631,417
1417,Smith,NOH,57,60,45,47,117,92
1418,Smith,NYK,23,32,15,24,55,39
1419,Smith,OKC,22,32,15,23,54,38
1421,Smith,PHI,101,161,83,117,262,200
1423,Snow,CLE,93,56,57,33,149,90
1424,Snyder,HOU,50,36,30,25,86,55
1425,Snyder,MIN,42,35,30,28,77,58
1428,Songaila,NOH,50,24,40,20,74,60
1430,Songaila,WAS,134,101,115,94,235,209
1433,Speights,MEM,41,68,29,55,109,84
1434,Speights,PHI,152,194,113,150,346,263
1435,Splitter,SAS,168,154,100,99,322,199
1437,Stackhouse,DAL,191,215,164,189,406,353
1439,Stackhouse,MIL,42,45,32,40,87,72
1441,Stevenson,DAL,29,36,21,28,65,49
1443,Stevenson,WAS,283,240,201,177,523,378
1446,Stojakovic,NOH,175,223,158,204,398,362
1451,Stoudamire,ATL,63,57,54,50,120,104
1452,Stoudamire,MEM,52,57,40,47,109,87
1454,Stoudemire,NYK,424,440,329,346,864,675
1455,Stoudemire,PHX,1275,1279,998,1018,2554,2016
1457,Stuckey,DET,739,833,621,693,1572,1314
1458,Summers,DET,42,16,30,6,58,36
1460,Sweetney,CHI,28,40,12,25,68,37
1461,Swift,MEM,91,124,65,84,215,149
1467,Szczerbiak,BOS,62,62,58,53,124,111
1468,Szczerbiak,CLE,92,94,80,81,186,161
1469,Szczerbiak,SEA,57,77,49,64,134,113
1470,T. Allen,BOS,209,214,153,151,423,304
1476,T. Thompson,CLE,72,95,39,51,167,90
1477,T. Williams,NJN,72,72,52,49,144,101
1478,Taylor,HOU,37,15,29,9,52,38
1479,Taylor,LAC,32,49,26,30,81,56
1482,Teague,ATL,157,197,119,158,354,277
1483,Telfair,BOS,67,43,55,35,110,90
1486,Telfair,MIN,195,130,153,100,325,253
1487,Telfair,PHX,30,27,25,20,57,45
1493,Terry,DAL,674,714,572,610,1388,1182
1494,Thabeet,MEM,61,67,35,38,128,73
1497,Thomas,CHA,167,143,129,108,310,237
1498,Thomas,CHI,325,368,222,263,693,485
1500,Thomas,LAC,149,169,103,125,318,228
1503,Thomas,NOH,42,20,38,14,62,52
1504,Thomas,NYK,24,43,23,31,67,54
1506,Thomas,PHX,42,38,34,30,80,64
1508,Thomas,SAC,127,132,89,99,259,188
1509,Thomas,SAS,42,40,31,29,82,60
1510,Thomas,SEA,15,41,10,29,56,39
1511,Thomas,WAS,71,98,43,55,169,98
1515,Thompson,GSW,42,45,36,40,87,76
1516,Thompson,SAC,453,487,295,328,940,623
1518,Thornton,LAC,335,397,251,297,732,548
1519,Thornton,NOH,112,131,89,105,243,194
1520,Thornton,SAC,136,145,116,120,281,236
1521,Thornton,WAS,90,89,65,66,179,131
1523,Tinsley,IND,177,162,126,118,339,244
1526,Tolliver,GSW,63,71,45,58,134,103
1527,Tolliver,MIN,87,99,71,75,186,146
1531,Tucker,PHX,31,29,24,23,60,47
1533,Turiaf,GSW,71,131,43,92,202,135
1534,Turiaf,LAL,181,166,128,118,347,246
1536,Turiaf,NYK,57,51,39,29,108,68
1537,Turkoglu,ORL,718,675,574,525,1393,1099
1539,Turkoglu,TOR,88,138,67,108,226,175
1540,Turner,PHI,134,101,101,75,235,176
1541,Ty. Thomas,CHI,44,78,37,58,122,95
1544,Udoh,GSW,67,61,49,39,128,88
1546,Udoka,POR,45,44,34,32,89,66
1547,Udoka,SAC,25,32,19,23,57,42
1548,Udoka,SAS,49,74,32,51,123,83
1549,Udrih,MIL,35,20,24,15,55,39
1550,Udrih,SAC,296,370,251,312,666,563
1551,Udrih,SAS,37,25,33,22,62,55
1553,Ukic,TOR,46,14,33,11,60,44
1554,Uzoh,NJN,30,26,20,13,56,33
1556,Varejao,CLE,531,511,326,329,1042,655
1557,Vasquez,MEM,24,33,18,26,57,44
1558,Vasquez,NOH,64,53,51,45,117,96
1559,Vaughn,SAS,85,88,63,68,173,131
1560,Vesely,WAS,24,38,15,18,62,33
1562,Villanueva,DET,120,133,96,105,253,201
1563,Villanueva,MIL,253,233,208,189,486,397
1566,Voskuhl,CHA,53,60,35,42,113,77
1570,Vujacic,LAL,147,146,129,125,293,254
1571,Vujacic,NJN,43,51,36,44,94,80
1575,Wade,MIA,1839,1890,1417,1456,3729,2873
1578,Wafer,HOU,65,74,48,59,139,107
1579,Wafer,ORL,23,31,17,21,54,38
1583,Walker,CHA,74,139,59,109,213,168
1584,Walker,MIA,57,59,29,26,116,55
1585,Walker,MIN,38,28,19,16,66,35
1586,Walker,NYK,70,44,51,36,114,87
1587,Wall,WAS,396,391,311,301,787,612
1588,Wallace,BOS,87,65,70,49,152,119
1589,Wallace,CHA,923,1230,695,923,2153,1618
1590,Wallace,CHI,256,178,114,70,434,184
1591,Wallace,CLE,57,77,25,28,134,53
1592,Wallace,DET,384,327,246,200,711,446
1593,Wallace,NJN,15,45,13,39,60,52
1594,Wallace,POR,116,167,83,139,283,222
1595,Walton,LAL,201,183,147,127,384,274
1597,Warrick,CHI,51,57,40,42,108,82
1598,Warrick,MEM,473,549,357,391,1022,748
1599,Warrick,MIL,90,82,65,60,172,125
1600,Warrick,PHX,174,219,126,162,393,288
1604,Watson,CHI,107,99,85,76,206,161
1605,Watson,GSW,194,188,167,147,382,314
1606,Watson,IND,75,94,51,69,169,120
1607,Watson,OKC,56,50,40,40,106,80
1608,Watson,SEA,146,146,107,112,292,219
1609,Watson,UTA,49,79,31,55,128,86
1610,Weaver,OKC,39,25,26,20,64,46
1612,Webber,DET,81,98,48,61,179,109
1615,Webster,MIN,115,79,90,61,194,151
1616,Webster,POR,239,232,180,171,471,351
1618,Weems,TOR,66,92,46,70,158,116
1619,Wells,HOU,112,144,72,85,256,157
1620,Wells,NOH,19,40,9,26,59,35
1622,West,ATL,41,30,22,16,71,38
1623,West,BOS,125,97,106,83,222,189
1624,West,CLE,198,203,162,169,401,331
1625,West,DAL,42,28,37,25,70,62
1626,West,IND,96,80,73,69,176,142
1628,West,NOH,765,754,659,643,1519,1302
1629,West,NOK,115,110,94,93,225,187
1631,Westbrook,OKC,1053,1014,874,826,2067,1700
1632,White,CHA,60,55,47,37,115,84
1637,Wilcox,DET,67,74,34,42,141,76
1638,Wilcox,NYK,20,31,10,16,51,26
1639,Wilcox,OKC,24,63,14,38,87,52
1640,Wilcox,SEA,302,293,199,197,595,396
1641,Wilkins,ATL,29,27,20,20,56,40
1642,Wilkins,DET,34,20,21,13,54,34
1643,Wilkins,MIN,60,69,47,56,129,103
1645,Wilkins,SEA,131,183,103,153,314,256
1649,Williams,ATL,489,444,391,372,933,763
1650,Williams,BOS,50,61,39,48,111,87
1655,Williams,GSW,109,93,83,71,202,154
1657,Williams,IND,75,51,54,33,126,87
1658,Williams,LAC,92,105,81,89,197,170
1660,Williams,MEM,29,26,21,16,55,37
1661,Williams,MIA,95,83,82,75,178,157
1662,Williams,MIL,175,183,145,160,358,305
1663,Williams,MIN,108,108,80,70,216,150
1664,Williams,NJN,253,222,198,163,475,361
1667,Williams,PHI,863,847,690,672,1710,1362
1669,Williams,SAC,100,57,52,29,157,81
1671,Williams,UTA,1074,1038,890,828,2112,1718
1672,Williamson,SAC,97,110,71,77,207,148
1674,World Peace,LAL,55,58,28,42,113,70
1677,Wright,DAL,85,111,58,78,196,136
1678,Wright,GSW,75,50,57,33,125,90
1679,Wright,MIA,139,90,109,76,229,185
1681,Wright,NJN,83,65,55,45,148,100
1682,Wright,NOH,67,66,39,43,133,82
1683,Wright,TOR,65,55,39,36,120,75
1684,Yao,HOU,672,675,585,576,1347,1161
1686,Yi,MIL,58,87,45,77,145,122
1687,Yi,NJN,54,79,44,59,133,103
1688,Yi,WAS,55,36,38,24,91,62
1690,Young,MEM,163,155,130,114,318,244
1691,Young,PHI,406,401,302,285,807,587
1692,Young,WAS,408,397,339,327,805,666
